163 180 42 5
116 7 146 118 158 155 11 147 109 110 72 138 38 154 0 136 98 30 9 40 148 44 91 124 10 53 78 133 15 143 125 49 160 104 141 127 88 93 153 25 14 69 83 50 115 51 99 27 17 108 139 77 112 32 135 23 130 29 106 56 2 59 61 20 134 75 156 129 16 152 63 107 76 97 8 87 52 41 74 100
93 138
20 65
69 131
3 79
15 88
36 144
12 113
10 148
66 86
20 74
67 79
99 130
32 34
21 125
79 102
54 102
37 78
1 104
83 110
80 135
31 148
21 138
2 79
96 98
31 98
89 159
62 122
59 121
69 128
3 154
88 109
22 161
49 115
73 99
6 39
31 60
33 53
54 116
109 157
26 124
84 99
54 146
134 149
121 137
89 102
31 155
57 59
86 155
150 161
18 136
64 74
48 113
7 72
74 120
17 151
48 152
94 135
74 103
66 135
3 21
45 82
75 103
99 119
40 153
0 86
138 141
25 41
114 134
12 140
24 54
39 62
8 62
110 116
131 148
5 83
83 143
34 76
9 51
76 148
46 70
20 120
69 135
12 158
22 119
20 125
94 148
40 75
35 139
14 87
135 158
42 61
23 54
130 137
27 88
77 126
53 158
102 136
55 161
26 79
66 105
32 105
134 141
27 114
86 154
138 145
57 88
70 79
5 124
55 80
109 143
56 78
43 57
90 97
62 144
13 138
67 104
58 66
77 80
69 129
47 93
32 89
3 107
101 106
115 152
55 150
92 158
15 151
121 140
15 145
35 59
101 158
58 127
32 79
85 115
67 156
40 62
78 134
66 70
9 58
97 122
106 159
4 50
71 161
49 140
146 161
126 152
64 67
57 122
137 149
116 152
6 149
33 60
19 95
15 41
4 119
116 147
56 115
6 101
22 71
19 157
15 81
53 148
2 152
62 91
138 159
93 95
47 137
61 78
103 154
54 99
83 144
5 91
90 124
36 159
21 25
98 156
22 26
37 96
33 133
123 150
