1000
1538 -3491
7463 -200
-5928 4480
-1539 1572
989 9097
-8641 -8911
-8220 -9195
2163 7300
-5255 -1747
-8186 4734
2154 -1922
-8852 7830
-1514 18
-1730 -6496
-2896 3232
-1567 9568
-7584 9622
-1529 7948
-2172 -1
-6614 3269
-6159 -3621
-2539 5749
4392 91
-5126 -3342
5392 6829
5491 9394
495 7323
1956 5584
-9955 6431
5130 2788
8626 2061
8526 2513
-3773 -9022
7587 3216
-9925 6716
-63 2397
-6862 4046
7048 -3102
-2064 3152
-2451 1924
-5976 4
-7019 3975
-3395 1642
1995 7234
-2779 -948
7980 8569
6301 -1155
346 -3851
1145 282
6469 -4686
9002 -5538
6633 -2303
2796 4303
3335 -7168
8470 -7551
-2136 -6113
-7339 3879
9393 6352
6192 7482
-8687 8415
-7811 -207
-6767 3599
7826 3212
1473 -7741
1640 5021
3306 5050
-6201 -7892
930 2472
7378 5398
-9788 -8800
-2046 -4191
-9828 -6383
-6503 -7528
8281 6918
-373 -7045
-1070 -4288
-203 -6073
353 3505
4789 -1906
-9757 1878
-9996 -6222
-9823 -5463
-8944 -7036
9041 -3427
1485 3597
-4855 610
-5429 8023
-9093 4890
-7188 3962
-3491 -6971
2098 3259
-3335 106
1025 6060
4248 3735
6749 -571
7693 3456
3257 2283
1705 7171
825 -7384
5275 2421
3108 -3225
-8157 2964
8172 -8920
5914 6307
6645 -2382
4951 7024
7769 -1394
4119 5565
7827 -8752
986 -5524
459 8814
66 694
4664 -8949
8844 -7563
7803 -5212
-5864 272
647 4493
1237 172
-8649 -1757
-2 5807
-6385 -2720
3410 7909
-1552 7752
4393 3861
9628 -3076
-3278 9931
8493 9688
2705 8794
-4564 -2479
-8456 -4092
9786 5243
4429 6483
718 1031
5007 -1313
-2820 -2235
1928 -6618
2655 -6471
4513 9653
3820 2286
9102 9
-6315 -6786
-7864 11
-4603 -5135
6353 -4363
8755 -1597
5002 -6391
-3736 -7570
7469 -3235
8068 -9515
-540 7765
-9499 -5286
-9406 9867
-1308 -3514
-4241 -3380
-7045 9726
92 8969
-8055 -3949
-8777 3525
-4516 -5226
-214 5209
9660 2721
-4003 2880
9965 -7488
2209 9375
-361 -3092
4581 -868
-3870 -8588
-6716 -383
5984 1275
-6281 442
7262 5280
1843 -1284
-8135 -1690
434 -356
-3600 2409
-3779 5515
-6191 -3759
-2734 -94
-810 7940
-8895 -4605
-8711 1700
2427 5377
8089 9366
-8218 5674
-7599 7508
-6274 -3883
6661 9231
3687 7645
7598 -2717
-6857 8333
-421 -919
-5402 -9431
-8174 -4525
2856 2322
-3893 5132
-4801 4924
6352 -670
-8740 -7039
-3021 -7589
7878 9839
-393 475
-1368 -8913
3826 7966
-9949 4738
-932 -8423
-2218 5368
7094 2072
-9036 -7057
-7310 5404
-9747 -3709
-2194 5112
2090 -1890
6266 7582
-5402 5680
-7151 7875
-2777 -3447
93 2578
-1489 -6142
5261 -1602
4252 2252
-2009 -1118
6338 -1949
-6000 5762
-4120 5230
-7193 -6592
-3650 4116
5194 -852
-9723 1372
-6380 -9817
-7532 -3567
-5895 7757
-670 6064
-8419 -9834
-3895 -1863
9392 -8882
-8632 -9869
-1867 -7170
-7099 2540
-1396 -9819
8263 -2976
2666 -884
-232 5203
-6678 -8401
-1521 937
-9113 -2568
3062 7620
-2295 -1566
-5733 -3484
-9760 3850
3144 9761
-8689 -8570
-5105 -8329
-1622 -5024
5462 38
36 -2720
9443 2060
-4575 38
9519 4615
3558 4939
-3669 -5765
1388 -5395
-3569 -9545
-8191 -7405
4377 -7585
-9653 -8544
-1106 -5284
-1584 -8253
-4002 5770
-5018 -2664
-1230 -5766
5808 8914
-3649 -2118
8010 1541
9845 -6673
8215 6680
4682 4504
4328 -7018
9032 -8395
1247 -7991
6526 -1881
-89 968
1602 -7729
-1704 7553
3811 -1399
-4856 277
62 4351
8514 -2506
-5765 621
-7649 240
7923 -4698
-4047 -91
8286 -412
4814 -5030
-2089 -2870
5984 -6085
-7602 8750
4917 7306
-7385 5394
-2246 8187
-4808 -8827
8586 1544
-1733 4740
-8488 -8734
8643 397
5585 -4149
4111 6225
-2017 3594
4164 -4459
2138 9014
-7941 -6443
-9683 7177
-7017 6268
-3956 4410
2640 8542
-5734 -5902
8294 2722
-258 3366
-6662 6691
-1291 9296
-4735 2540
-7698 -7802
3186 1303
-6432 8411
-5899 9496
-9232 1041
-7627 -8212
179 5556
909 7647
9276 -1531
-7866 -8210
-737 -926
-8794 -4158
-7044 -3542
-6144 7578
-3832 2843
-2246 -686
-6919 -1686
-8087 2280
-1186 2214
7876 8753
6165 9269
1994 8271
-8144 -9459
-4186 -896
-2843 -3275
7091 6010
5041 7210
-1872 8151
-4672 -9825
-5574 3007
-2862 -4965
442 72
494 -6446
8521 -6599
4577 4210
5927 -7967
7131 4045
-8948 -6725
4108 -6070
-8211 1688
-2191 -6925
-6231 -9332
3357 -3485
-2305 -1996
3314 -6462
-8823 1921
-76 6601
-3856 -6202
624 -9915
7561 -9823
2919 -8637
1557 -7392
3313 6498
8169 8443
-6213 -5917
2637 9712
8265 -5951
-2606 4786
-1292 1003
4347 7430
32 3943
-6781 4300
518 2355
2947 -3308
3968 1940
-3775 7586
-9426 455
2849 5993
7303 -7239
-6836 -3375
-4531 2510
-8709 7138
-5441 -207
9008 1867
-1523 -7437
-4237 8832
-8203 812
9538 -1964
-3161 5770
-6665 2736
-5855 5370
5963 -7354
-2538 -4123
4478 -1621
-716 5873
-7742 7781
-4354 3063
-6481 -1118
8901 9184
6785 9382
-7534 -5641
5631 -2465
201 8840
-4288 4578
-5960 -1628
-1626 5976
5406 7382
-5020 8479
-8787 6303
6404 -8119
4483 -8666
4636 -538
-1212 -6826
-2164 -2815
1104 -401
-2524 8595
4207 -1996
-5332 -9438
5139 -8820
6365 4839
-1287 -7239
1186 2751
-459 3653
2995 -9026
-415 -8897
-6550 4249
-8574 -1156
9169 8133
8465 -737
7596 -53
5782 4337
-3619 -7345
-216 570
-7439 -5152
721 -2708
6020 -8323
5931 -9137
1715 -3389
-7130 -1980
-9666 -1473
9943 2636
-7065 9115
2198 -5732
-4615 -8574
743 -6437
1664 -9741
1955 -4171
-7818 -9683
-5936 -9684
3944 -5781
-2038 6921
2941 1735
-3518 2955
6863 2874
-1044 1715
4048 5120
-7576 6688
-5132 2558
3321 -5425
3752 -7367
9566 -6805
1561 -4458
-3302 -280
-1098 -6740
1313 2303
-3418 3727
3214 1446
-2576 -8093
8312 -8281
-30 -4254
6337 -9102
-5592 3312
8773 -2955
4171 4115
-9058 9566
2347 338
-4112 -7160
1795 -7611
1487 -2897
-1930 -4435
5174 -9541
8127 7004
4839 -5133
1520 -8460
9386 -5628
-6821 -9196
9386 -1561
-5714 -589
7659 -9960
4940 -5756
3293 2092
-9698 -1762
4306 -1522
8454 -9206
6460 6090
8872 3082
-6390 -5367
-8330 7287
1546 -7275
3372 -386
2189 -8804
-9373 -753
-4634 2207
8137 -6874
9901 5637
-9230 -2772
-7719 952
666 1044
8264 -1920
8032 2896
8945 -2937
-587 -6145
7750 2493
-3434 5413
797 8828
-3586 -4628
-7044 -9412
-9144 83
59 -1286
-2233 -9040
8827 458
6896 9726
-1247 -7026
7856 3937
2693 205
-358 -7594
-3772 -8005
-2764 -5331
9888 -5116
2925 9769
4168 -8366
9609 8993
7220 -6094
-9536 -6913
5875 8776
-2986 5498
2229 6722
1908 -2581
-3884 8534
-954 7293
-7065 2533
2245 9956
-4911 -3848
2093 -1395
8970 2375
4934 8590
9961 -823
-1530 -6014
-6899 675
-7074 -2970
2177 -7805
-1146 -6231
-8223 -2197
-7645 -6699
6500 5917
5716 -9370
2358 1280
-9629 6334
8668 -3860
-9177 31
9912 -3634
-4100 -4827
-90 3180
-7301 -1975
8779 -6647
-2287 -8431
1724 9805
-8720 -4225
1986 -1839
-8629 -5015
8559 -3039
-4873 -1923
-8333 -1236
-8503 -283
2645 -7741
6845 8386
7874 6320
1823 -9202
6415 3421
-7151 -1688
-6585 6338
-902 3225
-5367 1491
1200 -5528
2620 -344
3248 -2114
-3776 8349
-3796 -7344
-9385 5772
-5674 4696
-3474 -2875
1346 -1565
1693 -434
7408 -3617
-473 2782
-4588 -1440
9797 5643
2343 -816
-3025 -8384
4671 2722
-7211 8816
6323 -5136
-5454 -3421
-7362 -1065
4026 1694
-48 -9469
5624 -4455
-1799 -1370
9935 -7019
-607 -4137
-4103 -362
8849 372
-7748 5478
8161 2060
-9790 5395
9924 2383
-5043 -2368
-3110 8787
6661 8047
5734 -8653
-7426 794
19 -1246
-9228 -6701
2228 9088
-5330 6018
-1207 9377
7084 -5485
8571 -4547
-4478 5210
6556 -5693
-2481 -7101
9949 -7278
-2656 8138
9090 1514
6079 2259
-8418 9727
-5662 3546
4798 994
-5767 5011
-2964 -8972
8694 8284
3457 -6796
-5476 403
-340 -6408
-2034 7032
5684 5323
-2162 5780
7310 -1766
6901 -7356
-3294 9023
-1939 4668
171 -6786
-3435 -6343
-3959 -542
3399 3201
2083 9318
4862 -532
3764 7937
2811 -3825
639 -6531
-3377 -5821
-3996 9596
4058 -4473
7294 7426
-6129 8810
-8128 -6766
-9497 2498
3034 -4615
-1877 -7601
7356 -15
-4246 -450
7456 -1250
-5963 -9970
8141 -1362
7292 -9197
9788 345
-751 -7556
343 7434
-9961 9647
-9573 -1320
9874 -3675
-3122 7847
-7434 6906
8499 -2392
-1629 3670
3900 -1248
1892 -7260
-5095 3542
-2322 7902
6663 3182
-9610 -1708
2666 574
-3650 -7481
-6409 -2289
-1978 8074
-6414 -8663
-9195 9349
-7041 -5015
-8910 3475
6774 9322
5575 -95
7487 -5826
-7755 -2731
-4015 -5028
-4703 -4594
-1673 3147
-8881 -4625
-9119 -4483
2610 9037
5296 -6513
-7319 156
5076 2221
-532 -4111
4872 -2021
8074 -9130
-9404 6003
9225 -2472
5603 7924
-4156 6309
9444 -5332
1602 3360
3459 4177
3280 7614
-7924 4259
-5074 5204
-6912 -5207
7313 -5346
-5965 -4371
-4080 -3062
-3228 3415
9318 1390
6315 -5434
3908 -8668
-7544 9950
8923 -1392
2455 -5018
-2853 5155
7241 -1108
-6671 6681
8595 962
-4759 -3574
6115 -2352
8148 -5858
1267 -5433
-2870 -858
-4578 -2435
2743 -5017
7199 -3015
-4654 9750
6073 2286
-8649 7061
-512 1070
4063 -8666
3629 -5472
-736 -9911
426 8689
-2757 -9669
1548 -4649
-5412 -7104
-6386 -1156
-580 -7333
4223 4251
9570 9773
-8718 2181
-4107 2204
-7366 -5754
-4120 -6081
-2702 5910
-3037 -1537
-7402 8155
7622 1467
3363 4841
6885 6879
-7604 8864
-8876 2641
-4987 6203
9902 -8745
-359 -398
-3982 -7563
-1162 -8012
562 -3276
5983 5454
-3300 7917
9716 -5494
-2061 5609
-6744 9311
-8663 -5118
-4392 7987
-9394 1410
-8166 -5127
-5606 5716
-3528 8896
852 -4487
2021 7283
8163 987
141 2371
4543 1411
194 1141
-6678 1926
5417 5433
190 -3408
-1523 -5385
2600 -1756
104 -9224
-8227 9001
-8523 433
4650 -8837
3332 -1743
-2299 -6579
9688 -3927
3656 3563
-9378 5333
-7545 2141
3987 6797
-1482 -6722
8324 8935
-3139 -602
-6425 -6156
8360 -7590
-703 -91
-1732 3084
-8557 -4639
5872 4617
-2263 1755
-2826 -8236
5618 -9456
8731 -3778
5807 -6542
-6105 -5418
-6132 -4219
-7854 -8616
-7188 4326
8392 9139
9005 -7538
6124 -9802
-680 9794
4330 4470
-7216 -6134
8774 3333
2891 9776
8276 -9993
-2447 5198
-9200 -5255
7946 -7683
-5460 -8546
-7167 2641
-4106 9425
7882 8079
4257 5348
-4522 -3578
1251 -1018
9989 -9895
-5470 228
8005 -7875
9228 -9048
-5189 -5181
712 -876
9466 8373
202 -8732
-3929 3424
7293 -2873
5269 2452
-7296 -8459
-3815 7434
2019 1729
-9166 3481
-2256 9722
-1704 4507
7531 3088
-7837 8771
1065 1586
-9990 2924
5197 7759
1870 -9563
9851 -7255
-1620 -4680
7948 5578
5016 9342
-8410 779
2649 2323
8373 -4435
5327 -1762
5100 -1640
2880 5322
8800 -5223
-8400 2409
-4063 977
-7362 -2536
-381 -6212
-5948 403
-4985 -9691
-1226 -6404
-8051 7179
8440 -1074
-3110 7790
6708 1879
4287 -1043
-2667 1423
2151 2323
7939 -4430
611 3330
2894 -7852
3259 5343
-7251 -3756
-545 1475
-3352 -3077
-9148 -9007
-7892 -2741
-7349 -9711
1575 -1240
-2196 -34
-5403 5993
-8608 -6455
7213 5333
1842 -7235
-8438 2513
-2935 1488
2431 7162
8003 -6703
-2760 8219
2838 -5029
9915 -5479
2603 -1794
-3114 -2998
-5049 4887
4160 -2467
-1912 -2241
6263 -2178
408 8028
-4652 7426
8068 9843
-8142 9251
869 -8375
3203 -110
2300 9081
-315 -2301
4875 6889
-4972 -4154
3093 -8563
8730 -6110
-8148 5287
-9505 6110
-993 -7459
-1374 -253
-1148 9932
9570 6240
2206 7908
5497 -692
-4342 8521
-7497 1973
-8559 -4073
8685 -3868
7770 -5971
-1958 9071
5028 -9786
-4562 4489
-5385 -516
4030 3447
1148 6421
-6071 7957
-6834 3596
-9536 -1734
-8594 -5987
9622 3928
-2478 3197
1869 5720
-1152 8569
987 5451
9158 -8764
5146 9583
8323 8987
3349 -5050
6087 -5059
5018 -2563
4210 5841
2115 -260
-5953 -4359
-9592 -9876
-9903 -4607
-9108 -7526
-9814 1294
-7866 -531
-6183 -2767
-1941 -4512
-1982 -2639
-2519 4699
-6054 -7447
742 -1213
2026 5576
1729 -163
